experiment_automatization/summary_files_only/summary_fourth_experiments__31Jul22_22_49_44_with_configuration_really_tested.csv:183:333330-1-0,[3- 3- 3- 3- 3- 0- 1- 0- 0- 0- 0- 0- 0],[1804800- 1804800- 1804800- 1804800- 1804800- 0- 0- 0- 0- 0- 0- 0- 0],[3- 3- 3- 3- 3- 0- 1- 0],[1804800- 1804800- 1804800- 1804800- 1804800- 0- 652800- 0],13.4893048354332,413.744361149908,75662100000,1.78284E-10
experiment_automatization/summary_files_only/summary_fourth_experiments__31Jul22_22_49_44_with_configuration_really_tested.csv:186:333330-2-3,[3- 3- 3- 3- 3- 0- 2- 0- 0- 3- 0- 0- 0],[1804800- 1804800- 1804800- 1804800- 1804800- 0- 0- 0- 0- 2400000- 0- 0- 0],[3- 3- 3- 3- 3- 0- 2- 3],[1804800- 1804800- 1804800- 1804800- 1804800- 0- 1478400- 2400000],13.9697963651223,419.523224360775,75619700000,1.84738E-10
experiment_automatization/summary_files_only/summary_fourth_experiments__31Jul22_22_49_44_with_configuration_really_tested.csv:187:111111-2-0,[1- 1- 1- 1- 1- 1- 2- 0- 0- 0- 0- 0- 0],[576000- 576000- 576000- 576000- 576000- 576000- 0- 0- 0- 0- 0- 0- 0],[1- 1- 1- 1- 1- 1- 2- 0],[576000- 576000- 576000- 576000- 576000- 576000- 1478400- 0],13.7189335182749,408.285878833296,75791800000,1.81008E-10
experiment_automatization/summary_files_only/summary_fourth_experiments__31Jul22_22_49_44_with_configuration_really_tested.csv:193:010111-3-2,[0- 1- 0- 1- 1- 1- 3- 0- 0- 2- 0- 0- 0],[0- 576000- 0- 576000- 576000- 576000- 0- 0- 0- 1766400- 0- 0- 0],[0- 1- 0- 1- 1- 1- 3- 2],[0- 576000- 0- 576000- 576000- 576000- 2208000- 1766400],13.6504873016518,422.496232212593,75350800000,1.81159E-10
experiment_automatization/summary_files_only/summary_fourth_experiments__31Jul22_22_49_44_with_configuration_really_tested.csv:195:330330-0-0,[3- 3- 0- 3- 3- 0- 0- 0- 0- 0- 0- 0- 0],[1804800- 1804800- 0- 1804800- 1804800- 0- 0- 0- 0- 0- 0- 0- 0],[3- 3- 0- 3- 3- 0- 0- 0],[1804800- 1804800- 0- 1804800- 1804800- 0- 0- 0],13.8323700917135,411.984218836576,76579500000,1.80628E-10
experiment_automatization/summary_files_only/summary_third_result_cleaned_with_configuration_really_tested.csv:57:101101-1-3,[1- 0- 1- 1- 0- 1- 1- 0- 0- 3- 0- 0- 0],[576000- 0- 576000- 576000- 0- 576000- 0- 0- 0- 2400000- 0- 0- 0],[1- 0- 1- 1- 0- 1- 1- 3],[576000- 0- 576000- 576000- 0- 576000- 652800- 2400000],13.362479905568,406.172912386178,75397700000,1.77227E-10
